4 0.32536718750000004 0.49636449480642125 0.0464479166666667 0.6575070821529747
4 0.22020572916666667 0.42271010387157704 0.05570572916666669 0.5426156751652503
4 0.12268229166666668 0.4883380547686498 0.060361979166666656 0.6054202077431537
4 0.017447916666666667 0.5264400377714825 0.034895833333333334 0.663833805476865
4 0.0418046875 0.30610953729933904 0.02677864583333333 0.28699716713881
4 0.07334895833333334 0.3048536355051935 0.03124479166666667 0.23764872521246466
4 0.1757265625 0.29800755429650605 0.024372395833333314 0.2599811142587348
4 0.27661458333333333 0.3448347497639283 0.028427083333333294 0.26716713881019816
4 0.6889036458333333 0.4827762039660057 0.05914583333333331 0.6511331444759204
4 0.8519921875 0.39617563739376765 0.02962760416666678 0.2509442870632672
4 0.9116015625 0.4390368271954675 0.04153906250000006 0.2862322946175636
4 0.9708749999999999 0.3954485363550519 0.025955729166666684 0.24950897072710104
4 0.8833489583333333 0.35889518413597726 0.019809895833333258 0.20160528800755428
2 0.5682604166666666 0.3502360717658169 0.07523177083333342 0.20998111425873456
2 0.4499869791666667 0.369565627950897 0.07850000000000001 0.20677053824362587
5 0.4431953125 0.35085930122757314 0.06219791666666671 0.051114258734655436
2 0.6395572916666666 0.2820113314447593 0.03167968749999991 0.11788479697828154
0 0.6246796875 0.29088762983947114 0.016872395833333324 0.027242681775259594
2 0.5036614583333333 0.283371104815864 0.0404661458333333 0.13290840415486307
2 0.5253671875 0.33274787535410777 0.030203125000000004 0.17993389990557146
2 0.3810963541666667 0.2958073654390935 0.06096093750000004 0.18242681775259684
2 0.3565729166666667 0.34666666666666657 0.054036458333333336 0.1930028328611897
2 0.7303567708333334 0.36661000944287064 0.07197135416666664 0.3067894239848913
6 0.8031744791666667 0.31291784702549585 0.14423697916666664 0.35705382436260613