2 0.3466901041666667 0.5965439093484419 0.2519635416666667 0.8069121813031161
2 0.7312109375 0.33285174693106706 0.06811458333333344 0.27820585457979213
2 0.94609375 0.7422096317280453 0.1078125 0.5155807365439093
2 0.55071875 0.28763928234183184 0.03004947916666675 0.09489140698772407
0 0.3312526041666667 0.4610292728989613 0.2162265625 0.15227573182247423
2 0.07427604166666667 0.5083663833805476 0.14855208333333333 0.4339943342776203
2 0.17102864583333333 0.40581680830972616 0.1320651041666667 0.3013031161473087
6 0.6483020833333334 0.24413597733711045 0.07990625000000004 0.26756373937677047
0 0.6558359374999999 0.278328611898017 0.05421614583333323 0.02905571293673275
2 0.5092786458333334 0.27881019830028325 0.02495312500000004 0.06715769593956553
0 0.5085208333333333 0.2722096317280453 0.021158854166666668 0.009943342776204156
6 0.5403541666666667 0.21770538243626059 0.015403645833333238 0.06669499527856479
6 0.4946927083333333 0.2486213408876298 0.022526041666666666 0.09894239848914088
0 0.5404036458333333 0.23510859301227574 0.010757812500000104 0.006581680830972427
1 0.5664374999999999 0.21218130311614736 0.012302083333333276 0.05441926345609076
0 0.5663489583333334 0.19173748819641168 0.011046875000000018 0.016128423040604276
4 0.90603125 0.33353163361661947 0.025036458333333417 0.2430311614730877
4 0.8602161458333334 0.3363361661945232 0.03029947916666676 0.2486213408876298
4 0.8212005208333333 0.3081964117091597 0.023122395833333323 0.16788479697828138
4 0.8801484375 0.3194711992445703 0.02822395833333336 0.18867799811142583
4 0.990140625 0.3463833805476864 0.019718750000000066 0.27046270066100103
4 0.8286171875 0.2897639282341831 0.016268229166666735 0.15023607176581671
4 0.7840338541666667 0.2691406987724268 0.009046874999999944 0.12997167138810187
4 0.7968541666666666 0.2708026440037771 0.011549479166666762 0.10708215297450434
4 0.222234375 0.2765250236071765 0.009249999999999996 0.10688385269121818
4 0.23966666666666667 0.2921152030217185 0.01121874999999998 0.14657223796033975
4 0.19838281249999998 0.26886685552407935 0.027799479166666665 0.0659962228517468