2 0.5458854166666666 0.35538243626062316 0.08131510416666667 0.3401227573182248
0 0.5460312500000001 0.3500472143531634 0.07865625 0.029301227573182435
3 0.5460703124999999 0.38220018885741264 0.08094531249999998 0.029291784702549558
2 0.34701822916666664 0.34011331444759213 0.10189322916666667 0.27206798866855514
2 0.6420989583333333 0.3074220963172804 0.03715104166666663 0.09660056657223813
0 0.643921875 0.2991312559017941 0.029398437500000086 0.020066100094428708
2 0.09404166666666666 0.5575637393767706 0.18808333333333332 0.6155335221907459
4 0.22498958333333335 0.3705949008498584 0.014122395833333337 0.19687440982058524
4 0.1338072916666667 0.30336166194523134 0.023898437499999994 0.12574126534466465
4 0.25231770833333333 0.3329745042492917 0.019460937500000004 0.12908404154863062
4 0.47775 0.28892351274787537 0.007257812499999972 0.07565627950897062
4 0.4226171875 0.2996978281397546 0.011953125000000024 0.09898016997167154
4 0.40343229166666666 0.30032105760151084 0.007726562500000019 0.07707271010387147
4 0.4595703125 0.2946647780925401 0.005286458333333381 0.07912181303116143
2 0.5961848958333333 0.3508120868744098 0.02594531250000003 0.18163361661945224
5 0.5947734375 0.33059490084985826 0.022468749999999933 0.04124645892351259
4 0.9248984375 0.3595278564683664 0.015354166666666676 0.2252691218130311
4 0.8127708333333333 0.3404154863078376 0.018968750000000038 0.1847686496694996
4 0.8577421875 0.3122757318224741 0.017385416666666723 0.1605193578847972
2 0.7146119791666667 0.2905854579792257 0.044242187500000085 0.09982058545797926
2 0.4867708333333333 0.2949291784702549 0.021351562499999942 0.07134088762983964