2 0.6436796875 0.6186024551463644 0.23445833333333327 0.6954674220963173
0 0.6505859375 0.5943909348441927 0.20397135416666667 0.12423040604343716
2 0.8998333333333334 0.6592256846081208 0.20033072916666655 0.6366288951841363
2 0.8160755208333333 0.4699527856468367 0.13876562499999992 0.3035977337110479
3 0.2808056296875 0.38298871010387153 0.28091937473958334 0.40061590651558077 0.3904808557291667 0.39791673182247406 0.3899845296875 0.3781227299338999 0.2808056296875 0.38298871010387153
0 0.2828222427083333 0.3554267176581681 0.28029898124999997 0.37452381491973563 0.3904808557291667 0.37317422757318225 0.39134940286458336 0.35158077242681773 0.2828222427083333 0.3554267176581681
2 0.34988541666666667 0.43031161473087826 0.14917968749999996 0.37945231350330516
0 0.46303385416666665 0.3751652502360717 0.06147395833333332 0.03131255901794132
2 0.1347890625 0.6383947119924457 0.2694036458333333 0.7232105760151087
2 0.22420052083333328 0.3954768649669499 0.10487239583333334 0.294268177525968
2 0.474875 0.39564683663833805 0.09743749999999997 0.2226062322946178
2 0.5308958333333335 0.3196317280453258 0.04239322916666666 0.12998111425873474
1 0.7242526041666667 0.20547686496694986 0.18984895833333346 0.27558073654390947
6 0.59790625 0.1913314447592067 0.06278906249999991 0.08571293673276674
6 0.47676562499999997 0.19888574126534456 0.04109895833333337 0.07435316336166174
6 0.5209166666666667 0.21451369216241745 0.020567708333333337 0.06851746931067039
6 0.5005416666666667 0.19848914069877246 0.02802083333333331 0.07090651558073668
4 0.5611588541666667 0.20802644003777143 0.020708333333333447 0.07937677053824357
4 0.9211458333333333 0.2883380547686496 0.023763020833333332 0.11048158640226628
4 0.9659557291666666 0.30288951841359774 0.05021354166666659 0.09624173748819648
4 0.8833333333333333 0.30753541076487256 0.05569010416666676 0.08694995278564677