2 0.7894817708333334 0.543541076487252 0.28677604166666676 0.7093673276676108
2 0.4419921875 0.3712653446647782 0.0944036458333334 0.2987157695939567
2 0.5595625 0.3245325779036828 0.061312499999999895 0.19581680830972606
6 0.16901041666666666 0.443342776203966 0.3380208333333333 0.886685552407932
6 0.6798645833333333 0.21500472143531638 0.10399739583333342 0.31669499527856476
6 0.5888567708333333 0.21737488196411714 0.06521354166666668 0.2364400377714824
2 0.34122135416666666 0.31887629839471204 0.04390364583333337 0.1467233238904628
2 0.37520312499999997 0.28724268177525974 0.057177083333333316 0.1495561850802645
3 0.44103385416666663 0.3129556185080265 0.07583072916666668 0.041888574126534586
2 0.4983411458333334 0.2730028328611897 0.03349479166666664 0.11144475920679885
2 0.5194661458333333 0.24109537299338993 0.01787760416666669 0.0993862134088763
2 0.3846614583333333 0.30223796033994327 0.026895833333333386 0.11963172804532583