6 0.22942708333333334 0.4962228517469311 0.4588541666666667 0.9924457034938622
1 0.8415625 0.2593767705382437 0.24510416666666662 0.4318508026440037
5 0.7325737200520834 0.27419657223796035 0.7314829252604167 0.3588297544853636 0.8309634044270833 0.38255868271954674 0.8296544708333333 0.29871648253068933 0.7325737200520834 0.27419657223796035
2 0.5934244791666666 0.5320396600566573 0.1925442708333333 0.5133994334277621
2 0.9364583333333333 0.6038715769593956 0.12708333333333333 0.46742209631728043
2 0.5119765625 0.24143531633616624 0.03537500000000004 0.15052880075542951
0 0.5115182291666667 0.26062322946175637 0.02947395833333329 0.01608120868744117
3 0.5117499999999999 0.24500472143531637 0.02971874999999997 0.013097261567516422
2 0.5361171875 0.2896128423040605 0.02660416666666663 0.11360717658168078
2 0.6394088541666666 0.3049197355996224 0.05050260416666674 0.14953729933899917
2 0.4621588541666667 0.25287063267233234 0.042690104166666624 0.15961284230406061
4 0.4653359375 0.2760717658168082 0.009213541666666695 0.09846081208687439
0 0.16318749999999999 0.34569405099150136 0.3191380208333333 0.10464589235127494
0 0.5955989583333333 0.1791501416430595 0.040749999999999884 0.014239848914069809
0 0.593453125 0.24886685552407928 0.04385416666666657 0.02161473087818685
5 0.6339296875 0.2952124645892352 0.04586979166666675 0.023814919735599432