2 0.5154166666666666 0.6109537299339 0.2725 0.7780925401322002
5 0.5104713541666667 0.5874787535410766 0.25739843749999997 0.2589990557129369
2 0.8608072916666667 0.5836827195467421 0.27838541666666666 0.5535694050991502
2 0.12170052083333333 0.669971671388102 0.24340104166666665 0.660056657223796
2 0.13485156250000002 0.5161756373937678 0.21709895833333334 0.4846647780925403
6 0.35989583333333336 0.29414542020774315 0.21666666666666667 0.5882908404154863
3 0.3595729166666667 0.23153918791312564 0.21341666666666667 0.09481586402266275
2 0.6314973958333333 0.30593012275731823 0.04168749999999998 0.14724268177525954
5 0.6325442708333333 0.2985552407932012 0.03401041666666676 0.011019830028328681
6 0.5726536458333332 0.17815864022662897 0.07793229166666672 0.15716713881019836
4 0.729953125 0.2992445703493863 0.013442708333333305 0.14541076487252105
4 0.7055807291666666 0.3108404154863079 0.018562499999999933 0.1515108593012274
4 0.6801640624999999 0.30693106704438144 0.010151041666666553 0.1437016052880074
4 0.6648125 0.2963172804532577 0.014463541666666658 0.12002832861189813
4 0.7608567708333334 0.2960717658168083 0.009263020833333257 0.12441926345609086
4 0.7744244791666667 0.29533522190745987 0.007981770833333238 0.11611898016997148
4 0.8554192708333334 0.2476109537299339 0.0172604166666666 0.08854579792256845
4 0.8140468750000001 0.26226628895184134 0.01329427083333338 0.04948064211520311
4 0.7968098958333333 0.2686118980169972 0.008447916666666562 0.07194523135033055
4 0.6883776041666666 0.28118035882908404 0.012437500000000056 0.09952785646836647
4 0.6639973958333333 0.27873465533522196 0.012158854166666563 0.11417374881964103
4 0.7428046875 0.2994900849858358 0.007500000000000047 0.14101983002832874
4 0.16809375000000001 0.2991501416430594 0.013114583333333308 0.14607176581680836
4 0.13948177083333332 0.29250236071765817 0.019223958333333315 0.09939565627950918
4 0.18134114583333333 0.3028234183191691 0.015085937500000016 0.10579792256846078
4 0.26040364583333336 0.26581680830972615 0.017135416666666715 0.0602549575070821