2 0.5103541666666667 0.3932200188857413 0.0843776041666666 0.2494428706326722
3 0.5122916666666667 0.36951841359773363 0.07361718750000001 0.03969782813975445
2 0.16145833333333334 0.6515580736543909 0.3229166666666667 0.6968838526912181
2 0.9123411458333333 0.644985835694051 0.1753177083333334 0.7100283286118981
2 0.8039244791666668 0.3344003777148254 0.1765078125 0.6141359773371103
2 0.6451119791666666 0.3430594900849858 0.06850781249999992 0.21009442870632694
0 0.6515651041666667 0.291010387157696 0.04708333333333338 0.036194523135032984
2 0.450484375 0.29709159584513684 0.03443750000000006 0.08103871576959411
0 0.5971380208333333 0.30050047214353165 0.03114062499999998 0.03437204910292738
4 0.3399739583333333 0.3366477809254013 0.01626562500000001 0.13942398489140706
4 0.39484114583333335 0.3018224740321059 0.008765624999999963 0.11699716713881028
4 0.30834635416666667 0.3418130311614731 0.017653645833333325 0.16450424929178473
4 0.26988281249999996 0.3345892351274787 0.014486979166666695 0.09396600566572258
4 0.25376302083333335 0.294296506137866 0.011557291666666695 0.09899905571293686
4 0.2932057291666667 0.3207082152974505 0.011468749999999991 0.15477809254013206
4 0.32369270833333336 0.29149197355996226 0.009755208333333343 0.10224740321057621
4 0.3529583333333333 0.3075731822474032 0.010481770833333333 0.13146364494806403
4 0.38238541666666664 0.29901794145420213 0.011536458333333381 0.12024551463644961
4 0.27989583333333334 0.33339943342776196 0.013343749999999942 0.13882908404154862
0 0.10529166666666666 0.63014164305949 0.20368229166666665 0.12054768649669485