2 0.3802760416666667 0.5374220963172806 0.1949244791666666 0.5177053824362606
2 0.5413880208333333 0.4120207743153918 0.07790624999999997 0.23637393767705397
2 0.6197942708333334 0.3818508026440039 0.07835677083333342 0.2518224740321056
0 0.5423177083333334 0.39491029272898964 0.06737760416666655 0.05060434372049117
3 0.6326041666666666 0.3950519357884796 0.05521093750000006 0.059301227573182416
1 0.8337239583333333 0.4910292728989613 0.33255208333333336 0.9820585457979226
4 0.011648437499999999 0.3770254957507082 0.023294270833333335 0.29367327667610954
4 0.03520052083333333 0.39194523135033044 0.024070312500000003 0.24408876298394735
4 0.06899479166666667 0.3947686496694995 0.021096354166666664 0.25255901794145424
4 0.09344791666666666 0.3840037771482531 0.0247421875 0.24585457979225697
4 0.208375 0.38770538243626057 0.01661458333333332 0.24268177525967893
4 0.26954947916666666 0.39265344664778085 0.019247395833333295 0.21727101038715782
4 0.23697135416666668 0.3687440982058546 0.017841145833333332 0.23827195467422088
4 0.2976536458333333 0.3744759206798866 0.01170052083333329 0.20562795089707248
4 0.18025 0.3840887629839471 0.02509114583333331 0.25132200188857423
4 0.139078125 0.3545420207743154 0.012828124999999998 0.19046270066100077
4 0.12467447916666667 0.3396317280453258 0.013221354166666663 0.204759206798867
4 0.16000260416666665 0.3353068932955618 0.011851562499999998 0.19082152974504243
4 0.14837239583333334 0.32525023607176584 0.014872395833333307 0.1812936732766759
4 0.3192109375 0.3166100094428706 0.011502604166666685 0.13224740321057618
4 0.30544010416666667 0.3126440037771482 0.012187500000000047 0.13312559017941455
4 0.249453125 0.3171388101983002 0.012440104166666662 0.15941454202077446
4 0.2232734375 0.32181303116147303 0.009523437499999983 0.14159584513692144