2 0.31604687499999995 0.5143720491029273 0.21384374999999997 0.5682152974504252
3 0.2966640625 0.4417374881964117 0.16541666666666663 0.0952030217186026
2 0.5697421874999999 0.4145703493862134 0.09958333333333323 0.27103871576959415
0 0.5692265625 0.38769593956562787 0.08682031250000008 0.044664778092540304
2 0.6893046875 0.37405099150141635 0.06962239583333343 0.19000000000000003
0 0.6935468749999999 0.34917847025495746 0.05671875000000005 0.037667610953729815
2 0.6286276041666666 0.32652502360717656 0.04969270833333326 0.15499527856468354
2 0.4970989583333333 0.3205288007554297 0.04674999999999999 0.14299338999055697
2 0.43092708333333335 0.3565344664778092 0.0910338541666667 0.3150802644003778
0 0.49419270833333334 0.3092823418319169 0.03679687500000005 0.025429650613786436
5 0.42793749999999997 0.33367327667610946 0.06931510416666668 0.04226628895184156
1 0.7045963541666667 0.24371104815864014 0.11187760416666657 0.23519357884796993
6 0.6128255208333333 0.20669499527856477 0.05212499999999996 0.1194806421152032
6 0.5082317708333333 0.22192634560906513 0.025088541666666703 0.050547686496695186
6 0.5734843749999999 0.20429650613786582 0.03391666666666661 0.12171860245514644
2 0.5515546874999999 0.29982058545797924 0.06928906249999993 0.18709159584513702
2 0.15812239583333335 0.4057507082152975 0.18042708333333338 0.4855240793201134
4 0.7854322916666666 0.326742209631728 0.014799479166666648 0.15337110481586408
4 0.818890625 0.33009442870632666 0.01644270833333342 0.18752596789423998