2 0.16832291666666663 0.6384985835694051 0.33202604166666666 0.6757318224740323
0 0.39267187499999995 0.38501416430594904 0.10959375000000003 0.09026440037771497
2 0.54234375 0.36223796033994327 0.07409895833333333 0.2697450424929177
2 0.6763229166666667 0.42326723323890464 0.10755729166666678 0.27318224740321073
5 0.7960208578125 0.3313543087818697 0.7959484359375 0.35548631539187914 0.8448292057291666 0.3697785410764873 0.8495595875 0.3397648895184136 0.7960208578125 0.3313543087818697
2 0.8432395833333334 0.3818224740321057 0.10330729166666662 0.19029272898961283
2 0.9521536458333333 0.4611425873465533 0.09569270833333335 0.46710103871576947
4 0.9015442708333333 0.3758356940509915 0.009414062499999905 0.13648725212464585
4 0.9143463541666667 0.4126062322946176 0.015580729166666647 0.2100188857412652
4 0.9302760416666668 0.34167138810198294 0.012789062499999915 0.10186968838526922
4 0.7381796875000001 0.3419735599622286 0.015692708333333392 0.16682719546742217
2 0.08327604166666666 0.20288007554296497 0.16261197916666661 0.23610009442870653
2 0.277375 0.30420207743153926 0.10829947916666664 0.28283286118980167
2 0.48159375 0.29349386213408873 0.04377604166666664 0.13799811142587334
2 0.4127109375 0.3892823418319169 0.15145052083333338 0.388035882908404
1 0.6560234375 0.20359773371104806 0.10881510416666676 0.204759206798867
0 0.6380301065104167 0.2551744315391879 0.6401880997395833 0.25788811992445704 0.64017774921875 0.2797635627950897 0.6829045075520833 0.28877956468366384 0.6843739494791666 0.2699279357884797 0.6380301065104167 0.2551744315391879