2 0.5054635416666666 0.43245514636449484 0.09399479166666656 0.281558073654391
5 0.5141875 0.3787252124645892 0.07004166666666668 0.048101983002832915
2 0.5757890625000001 0.3830311614730879 0.03780989583333323 0.10919735599622273
0 0.5755625 0.3708215297450425 0.033236979166666694 0.01801699716713874
2 0.762140625 0.4438149197355996 0.09380208333333329 0.19507082152974498
2 0.7064114583333333 0.3891029272898961 0.07154166666666674 0.18830972615675173
2 0.6591406249999999 0.3852124645892352 0.042166666666666686 0.10515580736543921
2 0.6478385416666667 0.36935788479697834 0.041276041666666666 0.11281397544853616
2 0.6270598958333333 0.36101983002832855 0.034401041666666764 0.10543909348441913
2 0.45842968749999996 0.35191690273843257 0.024445312499999972 0.08124645892351272
2 0.4195182291666667 0.3730500472143531 0.02060677083333336 0.0717469310670444
2 0.4029296875 0.3933616619452313 0.020390625000000048 0.13854579792256827
0 0.45882552083333333 0.35355996222851754 0.02022656250000002 0.011416430594900988
0 0.5797057291666667 0.29422096317280444 0.04542187500000002 0.12234183191690269
6 0.3139166666666667 0.3258451369216241 0.15797916666666664 0.5523323890462701
2 0.19295052083333333 0.396137865911237 0.08644270833333335 0.30675165250236064