6 0.35989583333333336 0.3097261567516525 0.259375 0.619452313503305
0 0.3334375 0.3844287063267232 0.18481249999999996 0.08555240793201124
0 0.5719635416666667 0.34910292728989617 0.09394270833333328 0.031671388101982965
0 0.6643203124999999 0.31830972615675157 0.0686953125 0.03009442870632662
3 0.7826640625 0.3821152030217187 0.11980989583333326 0.05661000944287046
2 0.57415625 0.4114636449480642 0.10616927083333323 0.3364589235127478
2 0.6552161458333334 0.3434088762983948 0.0862057291666666 0.23508026440037755
4 0.0891484375 0.3138338054768649 0.019971354166666653 0.16868744098205843
4 0.14424739583333332 0.3345325779036827 0.018992187500000018 0.18572237960339927
4 0.1658828125 0.34264400377714815 0.014513020833333338 0.16949008498583593
4 0.18617447916666666 0.3257412653446648 0.013315104166666696 0.16002832861189784
4 0.21982291666666667 0.32655335221907456 0.014651041666666665 0.16489140698772417
4 0.23653385416666667 0.3195184135977336 0.01703645833333335 0.1854579792256847
4 0.19744010416666666 0.31789423984891413 0.013460937500000015 0.19303116147308788
2 0.7652734375 0.4572237960339944 0.17760156249999995 0.4874504249291785
4 0.9319427083333333 0.3734749763928234 0.02264322916666662 0.2406798866855525
2 0.9657760416666666 0.41071765816808314 0.06844531249999998 0.4155901794145421
6 0.6115885416666667 0.1911709159584514 0.06408854166666676 0.14032105760151078
2 0.5096848958333333 0.29775259678942395 0.019153645833333382 0.09121813031161465
4 0.48078125 0.2913786591123701 0.005455729166666619 0.09829084041548644
4 0.490578125 0.28090651558073654 0.008656249999999944 0.0999905571293672
4 0.4732083333333333 0.29152030217186026 0.00592708333333339 0.09574126534466466
1 0.8304999171875 0.33497694900849856 0.83816124453125 0.4083879490084986 0.8983573216145833 0.4143401756373938 0.8972628640625 0.01355590179414542 0.7867209518229167 0.005619548630783758 0.7075581640624999 0.09952627384324834 0.7046353921875 0.2675182511803588 0.7779651671875 0.2278366373937677 0.7774179385416667 0.24569331822474033 0.8304999171875 0.33497694900849856