4 0.6876744791666667 0.5779036827195467 0.15086718749999997 0.8441926345609065
4 0.14513281249999999 0.41985835694051 0.03371614583333334 0.3180830972615674
4 0.195859375 0.38971671388101986 0.021567708333333317 0.3090745986779981
4 0.10954427083333333 0.4279886685552408 0.02884635416666666 0.3272710103871576
4 0.037140625000000003 0.3572804532577903 0.019091145833333333 0.2777903682719545
4 0.07926302083333334 0.3671765816808309 0.023372395833333334 0.2905099150141644
4 0.16280208333333332 0.3304154863078377 0.02127083333333335 0.22406043437204928
4 0.27484375 0.31265344664778083 0.018638020833333376 0.17615675165250252
4 0.32659374999999996 0.31610009442870635 0.015364583333333333 0.1777525967894238
4 0.3440989583333333 0.3007271010387158 0.016734375000000058 0.15052880075542951
4 0.3816380208333333 0.29047214353163353 0.010294270833333386 0.11872521246458925
4 0.35782291666666666 0.30496694995278567 0.0076171875 0.1236638338054769
4 0.3705 0.2669688385269122 0.009565104166666671 0.07948064211520309
4 0.352875 0.3009915014164306 0.014783854166666662 0.13161473087818706
4 0.987734375 0.37685552407932005 0.024531249999999952 0.34550519357884785
0 0.5530651041666667 0.2958734655335221 0.06451562499999994 0.026949952785646804
0 0.44172395833333333 0.3245042492917848 0.05667187499999997 0.019707271010387054
0 0.4886953125 0.3003871576959395 0.006171874999999953 0.025165250236071853
0 0.5098880208333333 0.29449480642115194 0.0046718750000000146 0.026468366383380737
0 0.39473697916666667 0.30591123701605294 0.00514583333333339 0.02309726156751656
0 0.5527552083333334 0.23440982058545798 0.004190104166666705 0.02985835694050981