2 0.6907552083333334 0.35423984891406995 0.09063541666666666 0.25244570349386225
0 0.6964140625 0.3308215297450424 0.07108333333333335 0.049357884796978266
2 0.5838125000000001 0.34095372993389983 0.07354687500000003 0.20254957507082152
2 0.8960338541666667 0.45624173748819646 0.20792968749999996 0.47977337110481577
2 0.3863046875 0.3316808309726157 0.10209375 0.25143531633616617
3 0.4041640625 0.3354013220018886 0.0607057291666667 0.059169027384324696
2 0.49629427083333333 0.27991501416430603 0.026231770833333338 0.07658168083097253
2 0.4488125 0.3104343720491029 0.0437838541666667 0.13191690273843232
2 0.11413802083333334 0.4684891406987725 0.2280859375 0.6857412653446646
1 0.6302604166666667 0.22902738432483472 0.06653906250000005 0.14536355051935793
3 0.6435078125 0.2468460812086875 0.0341067708333334 0.021123701605287905
4 0.45505989583333334 0.30780925401322007 0.017776041666666725 0.12594900849858368
4 0.32887500000000003 0.3082813975448537 0.018296875000000056 0.14559962228517476
4 0.25345572916666664 0.28711048158640223 0.021648437500000027 0.15237960339943332
4 0.21149479166666665 0.27728989612842314 0.023526041666666647 0.13273843248347514
4 0.7850546875000001 0.2851841359773371 0.014882812499999905 0.11678942398489126
4 0.7518489583333333 0.27657223796034003 0.012638020833333267 0.11467422096317285
4 0.8021796875 0.2857884796978282 0.013296875000000104 0.13008498583569425
4 0.8198046875 0.28246458923512757 0.009377604166666723 0.10530689329556184
2 0.5386614583333333 0.25491029272898963 0.017041666666666563 0.06431539187913138
2 0.5201223958333333 0.26248347497639285 0.016731770833333333 0.0726723323890463