0 0.6014713541666666 0.3264022662889519 0.09421093749999988 0.0636449480642116
5 0.6014348958333334 0.3891312559017941 0.09790364583333329 0.04968838526912171
0 0.3828463541666667 0.4004249291784702 0.08366927083333332 0.050528800755429856
2 0.16970833333333335 0.6142587346553352 0.33420572916666663 0.7714825306893296
2 0.4846979166666667 0.34004721435316326 0.033442708333333356 0.1689896128423041
2 0.49875520833333337 0.3265911237016052 0.027817708333333375 0.1339282341831916
2 0.34395312499999997 0.2774598677998111 0.08373437499999999 0.13761095372993393
2 0.4541796875 0.3511331444759206 0.05080729166666664 0.30342776203966
2 0.5192864583333333 0.3090934844192634 0.012065104166666648 0.11865911237016039
2 0.533828125 0.320604343720491 0.011968750000000009 0.12291784702549582
0 0.5038307291666667 0.32806421152030224 0.0034010416666666525 0.02249291784702565
0 0.5179140624999999 0.31865911237016054 0.003617187499999967 0.020519357884796995
0 0.5445286458333333 0.34084985835694054 0.005419270833333437 0.02348441926345599
0 0.5590286458333333 0.3439093484419264 0.00610937500000001 0.027214353163361817
0 0.6009296875000001 0.27432483474976394 0.014604166666666647 0.016713881019829856
0 0.6430416666666667 0.34801699716713874 0.007476562500000009 0.021746931067044572
0 0.7058645833333334 0.38795089707271 0.006424479166666686 0.023220018885741402
5 0.7009401041666667 0.31869688385269124 0.008018229166666658 0.03440037771482515