2 0.3856145833333333 0.4061945231350331 0.1405026041666667 0.3874504249291784
3 0.37090364583333335 0.36985835694051 0.11368489583333338 0.0976109537299338
0 0.5928828125 0.751293673276676 0.31545312500000006 0.18058545797922548
2 0.6019947916666666 0.6628895184135978 0.34930208333333324 0.6742209631728046
6 0.8263020833333333 0.28281397544853637 0.34739583333333335 0.5656279508970727
4 0.27299999999999996 0.34529745042492926 0.0324557291666667 0.27511803588290834
4 0.2990390625 0.37976392823418326 0.03245312499999997 0.29681775259678933
2 0.916796875 0.6407082152974504 0.16640625 0.7185741265344663
4 0.20126041666666666 0.2877053824362607 0.03220833333333335 0.2543626062322945
4 0.1224921875 0.2924268177525968 0.02310677083333334 0.2826817752596791
2 0.5017005208333333 0.2628895184135978 0.137625 0.13068932955618517
6 0.5028906249999999 0.1528328611898016 0.0630468750000001 0.12762039660056665