2 0.6536119791666667 0.3396033994334279 0.03846354166666662 0.1279225684608119
2 0.6787447916666667 0.36545797922568457 0.040604166666666684 0.1417941454202076
2 0.7029218749999999 0.3896317280453257 0.06228385416666669 0.15229461756373958
2 0.7689583333333334 0.39473087818696884 0.10115885416666662 0.25250236071765825
2 0.8660911458333334 0.4867138810198301 0.14775520833333336 0.31346553352219075
2 0.6001927083333333 0.3714825306893296 0.04311197916666672 0.12654390934844215
0 0.6002135416666667 0.3543153918791313 0.03804166666666665 0.025203021718602506
5 0.45735003776041666 0.36175850236071766 0.45719017343749996 0.3772736506137866 0.5333697671875 0.3815491803588291 0.5335270104166666 0.36131168083097265 0.45735003776041666 0.36175850236071766
0 0.45735003776041666 0.37815269782813976 0.45719017343749996 0.3977961973559962 0.5331339268229167 0.39694109348441925 0.5335270104166666 0.3809791076487252 0.45735003776041666 0.37815269782813976
2 0.49635677083333335 0.43339943342776205 0.08939322916666666 0.30995278564683687
2 0.5290859375 0.35758262511803596 0.05763541666666659 0.2264400377714827
0 0.5496979166666667 0.34547686496694985 0.01146354166666678 0.05309726156751654
2 0.3666875 0.3924551463644947 0.03486979166666669 0.21432483474976374
2 0.39291927083333333 0.38437204910292727 0.03507812499999995 0.16888574126534459
2 0.4204036458333333 0.3499527856468366 0.026322916666666647 0.09850802644003792
2 0.432765625 0.34217186024551455 0.019609375000000047 0.0783380547686497
0 0.36673177083333336 0.38168083097261574 0.03240625000000001 0.03873465533522189
5 0.3882265625 0.37637393767705374 0.012523437500000038 0.035816808309726