2 0.21566666666666665 0.4980264400377716 0.18425260416666667 0.4924079320113315
2 0.436515625 0.40298394711992447 0.09106770833333329 0.32146364494806406
2 0.8307630208333333 0.532445703493862 0.22652083333333337 0.6071482530689327
2 0.676171875 0.3767894239848914 0.09352343750000003 0.28819641170915944
2 0.5609036458333333 0.30355051935788485 0.04163281249999997 0.1364494806421152
2 0.6173802083333333 0.2993012275731823 0.03778124999999998 0.12934844192634562
2 0.5200364583333333 0.2938715769593957 0.032906249999999915 0.09898016997167154
3 0.1970260416666667 0.48179414542020776 0.13990364583333334 0.029593956562795228
0 0.1985625 0.43935788479697824 0.14214322916666663 0.04705382436260616
5 0.43627083333333333 0.375675165250236 0.07691406249999998 0.027610953729933694
0 0.8622265625 0.4208120868744099 0.15780468750000007 0.09118980169971687
0 0.6205546875 0.2778753541076487 0.0329739583333333 0.01780925401322014
3 0.5197083333333333 0.2803399433427763 0.026119791666666715 0.012313503305004686
2 0.5929583333333334 0.28194523135033045 0.0250729166666666 0.09950897072710115
6 0.6404348958333334 0.21612842304060445 0.059791666666666764 0.10054768649669502
6 0.6055677083333334 0.22174693106704432 0.02326822916666676 0.04849858356940522
6 0.5903125 0.22255901794145425 0.018656250000000086 0.05013220018885755
4 0.29579687499999996 0.3474598677998112 0.021351562499999942 0.22793201133144486
4 0.13391406250000001 0.34779036827195464 0.023164062500000013 0.2568838526912181
4 0.05384635416666667 0.40840415486307835 0.02282291666666666 0.3320679886685551
4 0.08400520833333333 0.3850047214353164 0.03022395833333335 0.2622474032105758
4 0.011979166666666667 0.5179414542020774 0.023958333333333335 0.5014164305949008
4 0.11400260416666666 0.3665911237016053 0.010854166666666654 0.24076487252124626
4 0.9726614583333333 0.3305288007554296 0.023330729166666706 0.23003777148253082
4 0.9490416666666667 0.36616619452313504 0.010390624999999905 0.28594900849858373
4 0.9913437500000001 0.34506137865911246 0.0173098958333334 0.25142587346553374
4 0.7438541666666667 0.287780925401322 0.010843750000000086 0.12261567516525015
4 0.7276276041666667 0.28850802644003776 0.009729166666666582 0.1134655335221906