2 0.2684947916666667 0.42355996222851744 0.15798437499999995 0.41205854579792245
2 0.06499999999999999 0.5836732766761092 0.125296875 0.6935033050047212
2 0.3828125 0.3650330500472143 0.05937239583333328 0.1321340887629838
2 0.5500572916666666 0.32392823418319167 0.034536458333333304 0.1585080264400379
2 0.49851562499999996 0.309971671388102 0.02983854166666665 0.09957507082152957
2 0.6136848958333334 0.3150141643059489 0.03559375000000008 0.10190745986779988
2 0.5236588541666667 0.268876298394712 0.014994791666666648 0.04480642115203005
2 0.5653489583333333 0.2708404154863078 0.023710937500000046 0.06176581680830959
2 0.5798307291666667 0.26423040604343717 0.013096354166666657 0.03975448536355043
2 0.46955468749999996 0.28249291784702557 0.01743229166666668 0.07366383380547707
6 0.6451354166666667 0.29745986779981115 0.03057812500000002 0.19947119924457057
6 0.4455494791666667 0.2858640226628895 0.03954687500000003 0.14213408876298392
6 0.5422630208333333 0.23376770538243621 0.02286979166666659 0.12025495750708207
4 0.082109375 0.3774220963172805 0.024578125 0.25251180358829073
4 0.06013020833333334 0.32683663833805465 0.02404427083333333 0.1442587346553352
4 0.3360208333333333 0.31778092540132197 0.013778645833333296 0.11973559962228535
4 0.3196614583333333 0.30514636449480653 0.0169921875 0.09024551463644964
4 0.9350807291666666 0.3510576015108593 0.027596354166666733 0.20159584513692141
4 0.9547447916666666 0.3231444759206799 0.024223958333333448 0.1824551463644946
4 0.8177942708333333 0.37774315391879126 0.03295312499999999 0.17754485363550518
4 0.8990104166666666 0.3438243626062322 0.0116458333333334 0.14435316336166185
5 0.24722656250000002 0.3954202077431539 0.08653385416666666 0.08995278564683684
0 0.49930468749999996 0.3051180358829083 0.019778645833333285 0.018205854579792447
0 0.44621614583333336 0.2697733711048159 0.03168489583333335 0.017223796033994127
0 0.5138932291666667 0.27031161473087817 0.007989583333333291 0.027422096317280417
4 0.6045703125 0.3115391879131257 0.00838020833333341 0.07348441926345625
0 0.6869653223958333 0.33742096978281394 0.6889600934895833 0.35809810198300285 0.7641594098958334 0.3771719811142587 0.7661708953125 0.35192708781869686 0.6869653223958333 0.33742096978281394
6 0.7115703124999999 0.31389046270066107 0.1251822916666666 0.36795089707270995