2 0.8774739583333333 0.6293673276676109 0.24505208333333334 0.7412653446647781
2 0.5710703125 0.44992445703493866 0.1107812499999999 0.3761473087818698
2 0.6522916666666667 0.3571388101983003 0.05745052083333325 0.21934844192634556
2 0.32609895833333336 0.49055712936732765 0.2007083333333333 0.5293578847969784
2 0.419328125 0.3436449480642116 0.07416406249999999 0.29668555240793204
2 0.46488541666666666 0.3060623229461755 0.05416927083333327 0.24670443814919757
2 0.49449479166666666 0.299225684608121 0.039390624999999936 0.18268177525967896
2 0.1333046875 0.3612181303116147 0.15655208333333334 0.5970349386213407
0 0.30174218750000004 0.47393767705382445 0.14803125 0.14475920679886703
5 0.5768229166666666 0.38405099150141647 0.09118489583333324 0.059102927289896266
0 0.652859375 0.339395656279509 0.05071614583333333 0.036694995278564804
4 0.19059895833333332 0.2741454202077431 0.02660416666666669 0.1731161473087818
4 0.20771354166666667 0.31538243626062323 0.0177734375 0.1814542020774314
4 0.2709739583333333 0.23669499527856477 0.009890625000000005 0.09033050047214339
4 0.23150520833333335 0.17638338054768646 0.010549479166666664 0.0848253068932955
4 0.2936796875 0.23094428706326717 0.006580729166666662 0.09301227573182247
4 0.29996354166666667 0.22297450424929188 0.008276041666666718 0.10389046270066099