2 0.47841666666666666 0.35715769593956564 0.060786458333333356 0.16503305004721433
3 0.4763880208333333 0.33881019830028325 0.05200781250000001 0.026487252124646064
2 0.5733020833333333 0.3319169027384325 0.04284375000000011 0.11284230406043437
5 0.5714401041666667 0.3234938621340887 0.03675520833333342 0.01810198300283293
2 0.540875 0.3221246458923514 0.030859375 0.08725212464589244
2 0.5142630208333333 0.2927289896128423 0.020833333333333332 0.054995278564683454
2 0.6244010416666667 0.3294428706326724 0.02748437499999999 0.07152030217186003
2 0.6068619791666666 0.3094900849858357 0.01080208333333322 0.044494806421151924
2 0.7321614583333333 0.38942398489140706 0.07120572916666675 0.15933899905571272
2 0.36846614583333337 0.3454674220963172 0.055411458333333385 0.157148253068933
2 0.3943828125 0.314060434372049 0.04855989583333328 0.1667610953729933
2 0.14581770833333335 0.4725684608120869 0.1877578125 0.3598772426817754
2 0.2793072916666667 0.33121813031161473 0.13327864583333332 0.3228328611898018
4 0.03272395833333333 0.2698300283286119 0.024005208333333337 0.21448536355051923
4 0.08054166666666666 0.26910292728989615 0.03993489583333334 0.18896128423040617
4 0.11866145833333334 0.2014447592067988 0.017880208333333324 0.11626062322946165
4 0.9411015625 0.40688385269121824 0.014281250000000039 0.18997167138810184
4 0.9598958333333333 0.40664778092540144 0.016002604166666618 0.17504249291784693
4 0.9755026041666667 0.39147308781869683 0.016664062499999945 0.1976864966949952
4 0.7845 0.36104815864022655 0.008692708333333361 0.1123040604343719
4 0.8036093750000001 0.3705854579792257 0.007408854166666619 0.11879131255901812
4 0.7945078124999999 0.3587818696883853 0.007890625000000047 0.09904627006609998
4 0.8250572916666666 0.3603210576015108 0.008927083333333268 0.1137582625118034
4 0.7726354166666667 0.3446458923512748 0.00631770833333339 0.07466477809254028
4 0.6682265624999999 0.3101983002832861 0.004606770833333229 0.06730878186968857
4 0.6742239583333334 0.3239093484419263 0.005695312499999971 0.077440982058546
4 0.6823671875 0.3318130311614732 0.006307291666666733 0.07348441926345625
4 0.6619244791666666 0.3144003777148254 0.0063098958333332195 0.05100094428706348
0 0.36248697916666667 0.33292728989612835 0.031039062500000013 0.06335221907459881