5 0.14578645833333337 0.5955146364494808 0.2910494791666667 0.152304060434372
5 0.8305911458333333 0.39583569405099156 0.09671093749999997 0.05881019830028347
6 0.6395546875 0.2582341831916903 0.07201562499999999 0.24435316336166193
6 0.5941770833333333 0.27162417374881975 0.02495833333333337 0.12338999055712943
2 0.5325052083333334 0.3014919735599622 0.029749999999999943 0.08248347497639273
2 0.4921875 0.2961000944287063 0.02354687500000002 0.06570349386213402
0 0.4914192708333333 0.2915108593012276 0.0192994791666667 0.015033050047214423
0 0.4718333333333333 0.25904627006610004 0.021848958333333356 0.018375826251180394
6 0.46932552083333334 0.2682719546742209 0.027828125000000033 0.09471199244570366
6 0.5237109375 0.2321246458923512 0.016403645833333275 0.07266288951841343
2 0.5704635416666667 0.25542020774315394 0.015322916666666705 0.06791312559017948
2 0.5421796874999999 0.2540793201133144 0.013580729166666573 0.03956562795089716
2 0.5550885416666667 0.24394711992445695 0.009572916666666724 0.03406043437204926
5 0.6196978789062499 0.2652073399433428 0.6198309354166667 0.2897861822474032 0.6751162848958334 0.2956816383380548 0.6751162848958334 0.27317179697828137 0.6196978789062499 0.2652073399433428
0 0.61932826328125 0.2913422143531634 0.6192396572916666 0.31443978092540137 0.6743771760416667 0.3219430132200189 0.6740815369791666 0.29836137582625116 0.61932826328125 0.2913422143531634
2 0.37731770833333333 0.3736921624173749 0.11805468749999998 0.3816241737488195
4 0.9511171875 0.3681964117091597 0.029726562499999904 0.27845136921624186
4 0.986375 0.36523135033050047 0.027250000000000087 0.2249291784702548
4 0.8899817708333334 0.32954674220963176 0.021453125000000028 0.17736543909348435
4 0.9033489583333334 0.3023418319169028 0.013742187500000114 0.191350330500472
4 0.71103125 0.30888574126534457 0.015388020833333372 0.12117091595845153
4 0.7470729166666668 0.27290840415486306 0.009559895833333342 0.11464589235127465
4 0.7751614583333333 0.29446647780925395 0.012424479166666676 0.1309915014164304
4 0.44828125 0.28532577903682727 0.0067031249999999435 0.05743153918791328
4 0.1457109375 0.17710103871576954 0.0011276041666666476 0.005316336166194626
2 0.198046875 0.6152030217186024 0.39609375 0.7695939565627951
2 0.831953125 0.38215297450424934 0.10182031249999994 0.4020207743153921
0 0.37979687500000003 0.3529461756373938 0.08406250000000005 0.12124645892351284