2 0.2758307291666667 0.49363550519357885 0.2159088541666667 0.4886118980169972
2 0.45844270833333334 0.3764211520302173 0.07678906249999998 0.2541831916902737
6 0.5671927083333334 0.2379792256846081 0.10211718750000003 0.41606232294617573
2 0.66515625 0.33587346553352226 0.07535937500000003 0.21732766761095382
2 0.8083333333333333 0.2798111425873465 0.12987760416666655 0.437034938621341
3 0.56521875 0.26109537299339 0.09428125 0.047025495750708385
0 0.5661822916666667 0.3048253068932955 0.0947265625 0.041284230406043246
0 0.6696328125 0.27965061378659123 0.053486979166666754 0.05006610009442869
0 0.4589505208333333 0.3594145420207742 0.06760156250000003 0.028564683663833804
0 0.23758072916666664 0.4745042492917847 0.12783593749999997 0.08620396600566568
2 0.8950520833333333 0.6336166194523135 0.20989583333333334 0.732766761095373
4 0.13056510416666667 0.39565627950897075 0.03617447916666669 0.3405004721435318
4 0.25762760416666663 0.2580830972615675 0.017091145833333363 0.04886685552407932
4 0.1990859375 0.2965722379603399 0.02906510416666664 0.1556185080264402
4 0.16585677083333333 0.35143531633616626 0.024203125000000013 0.23132200188857394
4 0.37449479166666666 0.2992445703493863 0.013888020833333315 0.12621340887629826
4 0.34050260416666667 0.2705288007554297 0.009549479166666685 0.08274787535410776
4 0.4023359375 0.28541076487252126 0.008645833333333287 0.10785646836638318
4 0.3776171875 0.28532577903682727 0.01115104166666671 0.13034938621340883
4 0.22086197916666667 0.264409820585458 0.016408854166666664 0.0757129367327666
4 0.008161458333333333 0.3420018885741266 0.012421875 0.2599055712936735
4 0.8854661458333334 0.2957507082152975 0.01722916666666663 0.16569405099150122
4 0.9148411458333333 0.2723418319169028 0.023109374999999942 0.11706326723323872