2 0.4775963541666667 0.42474032105760146 0.17025520833333338 0.5432672332389048
2 0.6375234375000001 0.33264400377714826 0.06147395833333344 0.15656279508970744
2 0.6997890625000001 0.3146742209631728 0.051968750000000105 0.11556185080264411
2 0.5913125 0.2944287063267233 0.027695312500000093 0.09532577903682703
2 0.5508958333333334 0.2863267233238905 0.03482291666666673 0.11962228517469295
2 0.25520052083333333 0.39134088762983954 0.18062239583333337 0.47645892351274804
2 0.38769270833333336 0.2868271954674221 0.07421875 0.2724929178470257
4 0.28298958333333335 0.40171860245514646 0.060276041666666676 0.41116147308781875
4 0.3661276041666667 0.33111425873465544 0.021309895833333314 0.2648819641170918
4 0.11043229166666665 0.378441926345609 0.05025260416666667 0.3848441926345611
4 0.7379713541666667 0.3225212464589235 0.023622395833333344 0.13631728045325792
4 0.7707786458333333 0.3101227573182248 0.02724739583333336 0.1287252124645894
4 0.8056119791666667 0.320491029272899 0.012302083333333276 0.1322662889518415
3 0.4750859375 0.3579603399433427 0.11496875000000001 0.06543909348441944