2 0.6354843750000001 0.40393767705382433 0.11609895833333325 0.275155807365439
3 0.6167812500000001 0.37356940509915004 0.07650260416666654 0.05417374881964107
2 0.5671875 0.27718602455146363 0.038138020833333286 0.08830972615675163
0 0.5615859375 0.2706137865911236 0.025187500000000067 0.022785646836638442
2 0.5281588541666667 0.26346553352219076 0.031843749999999935 0.11956562795089697
0 0.5282239583333334 0.26839471199244574 0.02891145833333345 0.018347497639282187
2 0.5054921875 0.2594995278564683 0.018020833333333285 0.09576959395656287
2 0.6349010416666666 0.2580736543909348 0.03309895833333343 0.045316336166194314
0 0.6334791666666667 0.27290840415486306 0.03069270833333325 0.0131067044381493
2 0.6231510416666667 0.24577903682719543 0.03629687500000003 0.06991501416430591
6 0.5757864583333333 0.22380547686496693 0.0452734375000001 0.12274787535410787
0 0.5788281249999999 0.23308781869688378 0.03779166666666664 0.01407932011331431
2 0.36797395833333335 0.36821529745042497 0.33940364583333343 0.433597733711048
4 0.032 0.4218224740321058 0.06399739583333333 0.4467327667610955
4 0.23180989583333333 0.39962228517469317 0.0784895833333333 0.6054768649669502
4 0.12749739583333333 0.3576959395656279 0.030679687500000014 0.3372898961284231
4 0.18595833333333334 0.28585457979225687 0.019984375000000002 0.27637393767705365
4 0.156078125 0.3360717658168084 0.01833072916666669 0.3354107648725211
4 0.08915885416666666 0.30203021718602446 0.018328124999999997 0.24101038715769596
4 0.058604166666666666 0.31612842304060434 0.02466145833333333 0.34820585457979225
4 0.10539322916666666 0.2723135033050048 0.02071093749999999 0.24929178470254956
4 0.7410260416666666 0.33825306893295565 0.020455729166666714 0.17368271954674205
2 0.8111666666666667 0.36562795089707273 0.05823437499999997 0.1511425873465533
2 0.7695234375 0.3449669499527856 0.04244791666666667 0.09555240793201138
2 0.7480781249999999 0.2887063267233239 0.06541927083333335 0.18146364494806427
2 0.9542682291666666 0.43780925401322013 0.09146354166666673 0.20758262511803582
2 0.8951197916666668 0.38018885741265335 0.10817447916666675 0.24204910292728982
2 0.7077864583333333 0.3039848914069878 0.026455729166666705 0.09796033994334256
2 0.6722812499999999 0.3060812086874411 0.02783854166666657 0.08439093484419254