0 0.18203125 0.46411709159584513 0.3640625 0.9282341831916903
2 0.46515625 0.6369216241737489 0.36469010416666675 0.7261567516525024
3 0.4590390625 0.8112464589235127 0.3081848958333334 0.1966194523135031
2 0.6217968749999999 0.3467233238904628 0.06598958333333324 0.17408876298394724
0 0.6232213541666667 0.3421813031161472 0.04146874999999994 0.02769593956562788
1 0.8278645833333333 0.5 0.34375 1
1 0.5800546875 0.2319169027384324 0.09537760416666667 0.1826723323890461
2 0.42679947916666666 0.3084324834749765 0.042557291666666684 0.11941454202077435
2 0.3804453125 0.3556468366383382 0.058570312499999964 0.22204910292729
4 0.43503125 0.30254957507082164 0.012205729166666639 0.1158545797922569
4 0.41408072916666666 0.3196600566572238 0.011830729166666625 0.11448536355051915
2 0.6438880208333334 0.2779131255901794 0.02145833333333324 0.13228517469310686
5 0.13923958333333333 0.23628895184135978 0.278046875 0.16237016052880057