2 0.5286380208333333 0.5599999999999999 0.22070572916666661 0.7561850802644006
0 0.5285078125 0.478215297450425 0.20235937499999998 0.14286118980169968
2 0.242578125 0.576251180358829 0.2704973958333333 0.6106704438149195
3 0.20623437500000003 0.566458923512748 0.19091927083333335 0.08819641170915966
2 0.3866380208333334 0.35720491029272894 0.0857239583333333 0.21942398489140688
0 0.3795755208333333 0.35565627950897083 0.07160156249999995 0.04765816808309707
4 0.069765625 0.31864022662889524 0.025658854166666658 0.2516052880075541
4 0.1311328125 0.28538243626062326 0.03727604166666666 0.1882152974504251
4 0.16597395833333334 0.2708593012275731 0.01306770833333335 0.1997733711048158
4 0.2014609375 0.26258734655335214 0.011682291666666641 0.08641170915958472
4 0.24220052083333332 0.25135033050047223 0.025973958333333335 0.06392823418319152
4 0.2862135416666666 0.25182247403210584 0.008914062500000005 0.0679886685552408
4 0.3310859375 0.26867799811142584 0.010799479166666615 0.11420207743153923
4 0.41950000000000004 0.260717658168083 0.0144895833333333 0.08266288951841357
4 0.32006249999999997 0.24712936732766763 0.009424479166666682 0.08984891406987733
4 0.21252864583333334 0.2583758262511803 0.00883854166666668 0.07486307837582644
2 0.8819739583333334 0.5663550519357885 0.23605208333333322 0.5824173748819639
2 0.8340416666666666 0.3233333333333334 0.15575520833333342 0.2406610009442872
2 0.6860598958333333 0.35219074598678 0.05181770833333322 0.24817752596789439
6 0.5856770833333333 0.23654390934844194 0.18020833333333333 0.4730878186968839
0 0.679015625 0.309593956562795 0.049093750000000116 0.12296506137865892