2 0.08319531250000001 0.38569405099150145 0.1431015625 0.42914069877242683
3 0.09377604166666667 0.45178470254957515 0.11625260416666669 0.0726440037771481
0 0.21186718750000005 0.5254390934844193 0.180859375 0.0800377714825309
2 0.25191145833333334 0.5223512747875355 0.25294531249999996 0.4832483474976395
2 0.40347916666666667 0.34944287063267226 0.1098020833333333 0.3082813975448539
6 0.5734375 0.31916902738432484 0.19635416666666666 0.6383380547686497
3 0.5689765625 0.2780642115203022 0.18476041666666657 0.07204910292729007
0 0.5717760416666666 0.34897072710103866 0.18200520833333325 0.06687440982058561
0 0.7193124999999999 0.34574126534466487 0.07115624999999995 0.05266288951841358
2 0.88046875 0.6128423040604344 0.2390625 0.7743153918791312
2 0.4600078125 0.2991312559017941 0.03204427083333338 0.16447592067988653
2 0.7112578125 0.36657223796034 0.09774218749999998 0.32273843248347517