2 0.3177994791666666 0.5378470254957506 0.2187135416666667 0.6710292728989612
2 0.10740885416666666 0.5482436260623229 0.20909635416666666 0.43250236071765813
2 0.4644739583333333 0.38622285174693105 0.06692708333333333 0.1862700661000942
2 0.6340182291666667 0.44131255901794136 0.10390104166666655 0.2316241737488196
2 0.7871406249999999 0.473314447592068 0.12146614583333341 0.28890462700660985
3 0.8049609375000001 0.44947119924457035 0.08420312500000003 0.10168083097261552
5 0.6389739583333333 0.4301322001888574 0.07827083333333344 0.06791312559017948
2 0.5398880208333333 0.3504721435316337 0.03670833333333334 0.11174693106704452
0 0.53971875 0.32887629839471194 0.02863020833333323 0.015240793201133024
0 0.5179947916666666 0.3119452313503304 0.015617187499999947 0.007790368271954674
2 0.5884088541666667 0.3528800755429651 0.04182812499999997 0.12707271010387172
2 0.5655807291666667 0.34102927289896134 0.019075520833333335 0.07792256846081207
2 0.561546875 0.2960151085930123 0.016499999999999914 0.05156751652502373
2 0.4924817708333334 0.3092540132200189 0.013981770833333348 0.04699716713881018
2 0.5175625 0.3092540132200189 0.016971354166666685 0.05435316336166189
2 0.5106380208333333 0.3010670443814919 0.015804687500000015 0.04718602455146346
4 0.9621354166666667 0.3954579792256846 0.02223697916666675 0.27172804532577927
4 0.930984375 0.4103116147308782 0.023513020833333325 0.250207743153919
4 0.9888020833333333 0.42540132200188857 0.022395833333333334 0.2804532577903683
4 0.7420703125 0.3376392823418319 0.00794791666666678 0.08338999055712931
4 0.7733854166666667 0.311152030217186 0.02875260416666663 0.0393389990557128
4 0.04747135416666667 0.3614825306893295 0.02324739583333333 0.12346553352219075
4 0.068265625 0.3427856468366383 0.011598958333333324 0.08608120868744085
4 0.11138802083333334 0.31610009442870635 0.01716406249999999 0.07191690273843235
4 0.12810416666666666 0.3176109537299338 0.012338541666666666 0.05683663833805482
6 0.6918229166666666 0.2976770538243626 0.08947656250000004 0.30185080264400366
0 0.46146354166666664 0.37700661000944286 0.05257031249999997 0.033899905571293756
0 0.290796875 0.544268177525968 0.18173958333333337 0.06072710103871572