5 0.36005208333333333 0.5211425873465535 0.14894270833333334 0.06911237016052885
0 0.5426249999999999 0.39909348441926357 0.06171875 0.046959395656279525
3 0.6295963541666667 0.39901794145420205 0.054158854166666735 0.02511803588290832
1 0.8313802083333334 0.4730878186968839 0.3372395833333333 0.9461756373937678
4 0.1985859375 0.3788290840415487 0.02039843749999998 0.2529933899905572
4 0.1696770833333333 0.3657223796033994 0.028572916666666674 0.27236071765816794
4 0.2620052083333333 0.3831728045325779 0.01997135416666668 0.22607176581680818
4 0.29211458333333334 0.35739376770538245 0.020703125 0.20016052880075524
4 0.2295078125 0.36358829084041544 0.025898437500000013 0.23676109537299342
4 0.14139583333333333 0.3270632672332388 0.026218750000000016 0.20501416430594913
4 0.12810156250000002 0.3373182247403211 0.01259114583333334 0.20272898961284236
4 0.21109375 0.33560906515580746 0.01124218750000002 0.18222851746931068
4 0.08244010416666667 0.38323890462700655 0.019859375 0.3102360717658168
4 0.0206875 0.3873937677053824 0.027916666666666663 0.2795561850802646
4 0.0579765625 0.37606232294617564 0.03141666666666666 0.2774976392823417