2 0.6382109375 0.46879131255901796 0.15979687499999998 0.5085835694050993
0 0.6454895833333333 0.37365439093484426 0.12976302083333333 0.09864966949952766
0 0.7882942708333334 0.3855524079320113 0.10996874999999993 0.07973559962228523
0 0.33994196145833333 0.4198589867799811 0.3447258966145833 0.5228579159584514 0.4510704216145834 0.38677564778092544 0.44342474505208335 0.3313347195467422 0.33994196145833333 0.4198589867799811
2 0.156640625 0.5141643059490085 0.31276041666666665 0.9716713881019831
2 0.33132552083333333 0.41289896128423037 0.17982812499999998 0.49300283286118995
2 0.5465416666666666 0.3664400377714825 0.07426822916666656 0.2815297450424928
2 0.450578125 0.33539187913125595 0.08108072916666664 0.23503305004721445
2 0.42214583333333333 0.39667610953729926 0.0870208333333333 0.25467422096317266
2 0.7726901041666667 0.4417186024551463 0.14457291666666663 0.3821907459867802
2 0.9222552083333333 0.44967894239848916 0.15548958333333332 0.3513031161473085
0 0.9588541666666667 0.4472049102927289 0.07296614583333323 0.08430594900849878
0 0.48899479166666665 0.31868744098205853 0.06843750000000005 0.08932955618508018
1 0.7746927083333334 0.13844192634560898 0.17227864583333338 0.24008498583569404