6 0.16692708333333334 0.4962228517469311 0.3338541666666667 0.9924457034938622
6 0.35520833333333335 0.3696883852691218 0.08020833333333334 0.7393767705382436
0 0.4851763098958333 0.3391137440982059 0.48537980911458334 0.3723891152030217 0.55921581015625 0.3691343644948064 0.55921581015625 0.3455374995278565 0.4851763098958333 0.3391137440982059
3 0.48405399609375 0.37268778092540134 0.4844821205729167 0.39191752596789425 0.5587669658854166 0.38052596033994335 0.5585425268229167 0.3691343644948064 0.48405399609375 0.37268778092540134
2 0.4261067708333333 0.34699716713881024 0.03954687500000003 0.1093673276676111
2 0.8212083333333333 0.3783286118980171 0.11651822916666674 0.17202077431539195
2 0.7554088541666667 0.3301038715769593 0.08705208333333327 0.20987724268177546
2 0.7052473958333334 0.3430311614730878 0.03386718750000005 0.14822474032105742
2 0.6873489583333333 0.3132200188857413 0.04632552083333342 0.17203966005665727
2 0.962140625 0.3555240793201133 0.07571875000000006 0.3868744098205853
1 0.6165234374999999 0.25075542965061376 0.10445052083333337 0.3588101983002833
2 0.48317187500000003 0.32573182247403215 0.03583593750000003 0.13399433427762047
2 0.520625 0.39520302171860244 0.08122395833333336 0.23426817752596804
3 0.47767447916666667 0.32034938621340886 0.0203489583333333 0.035722379603399364
0 0.6295416666666667 0.2772143531633616 0.06951041666666669 0.03206798866855527