2 0.1708984375 0.5873182247403211 0.3417942708333333 0.8253635505193578
3 0.5086666666666667 0.3475637393767705 0.13283072916666672 0.07771482530689347
2 0.3857083333333333 0.32827195467422104 0.07329427083333329 0.23380547686496686
2 0.6695130208333333 0.3523229461756373 0.07770312500000003 0.21212464589235117
2 0.629203125 0.29595845136921634 0.033549479166666646 0.15448536355051928
2 0.8556953125 0.40336166194523143 0.12997916666666665 0.3068649669499526
0 0.8746380208333334 0.36372049102927295 0.0856145833333334 0.039527856468366505
0 0.9022942708333334 0.36186024551463647 0.0003255208333333333 0.007554296506137866
2 0.509765625 0.3342776203966006 0.15494791666666666 0.6685552407932012
4 0.3213020833333333 0.30105760151085925 0.017335937500000044 0.15826251180358822
4 0.2850026041666667 0.2963078375826251 0.008249999999999957 0.15931067044381494
4 0.2929921875 0.30338999055712934 0.012192708333333377 0.14636449480642116
4 0.33603906250000004 0.30060434372049094 0.011106770833333357 0.16036827195467415
4 0.34743229166666667 0.29480642115203026 0.008572916666666685 0.15028328611898026
4 0.41830989583333333 0.2764494806421152 0.011257812500000004 0.09550519357884785
4 0.2709114583333333 0.26779036827195457 0.01452083333333339 0.12485363550519339
4 0.7657005208333333 0.2892256846081208 0.00982031250000001 0.14764872521246472
4 0.7106145833333334 0.2932105760151086 0.009479166666666572 0.10198300283286119
4 0.6432421875000001 0.24925401322001892 0.006533854166666704 0.067695939565628