2 0.5715859375 0.3968460812086874 0.1360937500000001 0.29861189801699717
2 0.4125260416666666 0.33066100094428713 0.10317187499999995 0.36188857412653425
3 0.54740625 0.3717091595845138 0.08002864583333344 0.07048158640226616
2 0.6274010416666667 0.26500472143531645 0.03751302083333338 0.11116147308781851
0 0.6255104166666666 0.2679320113314448 0.029526041666666693 0.038253068932955825
6 0.5791953125 0.20911237016052883 0.047609374999999926 0.11118035882908384
0 0.5798619791666667 0.22753541076487255 0.038432291666666646 0.03369216241737473
2 0.8958020833333333 0.35474976392823426 0.11010156249999999 0.2322285174693105
2 0.9517135416666667 0.45960339943342776 0.0965729166666667 0.22661945231350353
2 0.8094921875 0.3449858356940509 0.058437499999999906 0.15289896128423047
2 0.7720546875000001 0.32425873465533533 0.04184114583333335 0.1433333333333333
2 0.7445677083333333 0.2813975448536355 0.06603645833333331 0.19716713881019848
2 0.6720546875 0.29017941454202073 0.03427343749999991 0.10307837582625104
4 0.1723046875 0.46593956562795097 0.10564062500000002 0.7108593012275729
4 0.0622890625 0.34558073654390936 0.040335937499999995 0.35326723323890474
4 0.10365364583333332 0.29260623229461746 0.017765625000000007 0.371983002832861
4 0.08936458333333334 0.32922568460812096 0.017122395833333335 0.273805476864967
4 0.2402109375 0.3463644948064211 0.026552083333333344 0.3080830972615673
4 0.7473359375 0.38375826251180367 0.026468750000000086 0.3828706326723324
6 0.453203125 0.22489140698772433 0.07422656250000005 0.2826817752596791