2 0.7407213541666666 0.332965061378659 0.1486718749999999 0.4820963172804532
0 0.7481067708333333 0.3416052880075543 0.10250000000000009 0.042407932011331306
0 0.535734375 0.35668555240793204 0.05070052083333323 0.025722379603399226
0 0.4954739583333333 0.2940793201133145 0.029385416666666705 0.010245514636449396
2 0.9039088541666668 0.6542587346553351 0.19218229166666656 0.6914730878186969
2 0.5379479166666666 0.37629839471199245 0.06079687500000001 0.19909348441926358
2 0.6416979166666666 0.3494900849858356 0.05549999999999997 0.17830028328611913
2 0.49652083333333336 0.309565627950897 0.03168489583333335 0.10486307837582642
2 0.5890677083333333 0.301614730878187 0.017078124999999982 0.11607176581680838
2 0.6090911458333333 0.31772426817752597 0.01657552083333324 0.1402360717658166
4 0.4221796875 0.30625118035882903 0.009091145833333295 0.09710103871576953
4 0.4376276041666667 0.3080547686496695 0.010726562500000014 0.10707271010387145
4 0.44564583333333335 0.2960623229461756 0.0056927083333333664 0.06824362606232293
4 0.4046796875 0.30572237960339943 0.009210937499999971 0.09391879131255905
4 0.4132838541666667 0.29616619452313514 0.0076874999999999956 0.09179414542020778
4 0.46131770833333335 0.28609065155807367 0.003380208333333338 0.05254013220018874
4 0.4548802083333333 0.2693767705382436 0.005721354166666614 0.06050991501416424
4 0.8635989583333333 0.34308781869688376 0.01801302083333335 0.1554390934844194
4 0.824828125 0.3280736543909349 0.013359375000000047 0.1658356940509914
4 0.95521875 0.2794145420207744 0.015859374999999905 0.12072710103871569
4 0.9880026041666666 0.28233238904627006 0.018447916666666706 0.12206798866855523
4 0.9718880208333334 0.2968838526912182 0.017091145833333363 0.09296506137865894
4 0.18103125 0.3673654390934844 0.023765625 0.23651558073654372
4 0.21111718750000003 0.34775259678942394 0.0294921875 0.27781869688385274
4 0.15320052083333333 0.35697828139754484 0.023268229166666644 0.23651558073654372
4 0.09749739583333333 0.46372993389990547 0.0358046875 0.36168083097261566
4 0.11330729166666667 0.3652596789423984 0.02286458333333332 0.25131255901794136
4 0.07282552083333332 0.3938810198300282 0.020986979166666676 0.2683191690273844
4 0.08915364583333334 0.37666666666666676 0.02228906250000001 0.3268271954674222