2 0.7930989583333333 0.6694995278564684 0.41380208333333335 0.6610009442870632
2 0.5759765625 0.43678942398489135 0.19089843750000005 0.5163267233238904
2 0.40577864583333334 0.35615675165250243 0.0814088541666667 0.33304060434372057
3 0.4050755208333333 0.3893106704438149 0.07481770833333339 0.05524079320113314
2 0.20587239583333333 0.4169027384324835 0.1667447916666666 0.48836638338054755
2 0.29665104166666667 0.42122757318224735 0.051317708333333316 0.3644475920679885
4 0.33059375 0.3762795089707271 0.03302604166666671 0.2860528800755428
4 0.08195052083333333 0.39501416430594893 0.052447916666666664 0.30622285174693104
4 0.055111979166666665 0.3470349386213409 0.032955729166666656 0.25925401322001906
2 0.5745546874999999 0.4703682719546741 0.17991406249999997 0.5405193578847969
0 0.5263313401041666 0.39035345325779036 0.52557918359375 0.44553916525023607 0.6613328161458334 0.4409284863078376 0.6622865981770834 0.38329467233238906 0.5263313401041666 0.39035345325779036
5 0.5263313401041666 0.3355857516525024 0.5262150221354166 0.382141969782814 0.6616507111979166 0.382141969782814 0.6613328161458334 0.3417982993389991 0.5263313401041666 0.3355857516525024
6 0.49549479166666666 0.27839471199244564 0.04098437500000003 0.19439093484419276
6 0.4477786458333333 0.25928234183191684 0.03801302083333328 0.1616997167138808