2 0.3648046875 0.43395656279508965 0.1946197916666667 0.5658262511803589
5 0.3413984375 0.4230689329556185 0.14906250000000001 0.16169971671388125
2 0.5649427083333334 0.38209631728045335 0.09153906250000006 0.2800377714825306
0 0.5633125 0.3620868744098206 0.0907864583333333 0.07615675165250245
2 0.08884375000000003 0.4389707271010386 0.17618229166666666 0.5986024551463646
1 0.8651041666666667 0.4915014164305949 0.26927083333333335 0.9830028328611898
2 0.6255338541666667 0.31098205854579786 0.04681510416666678 0.1811709159584515
2 0.6887187499999999 0.35551463644948067 0.056484374999999906 0.17257790368271933
2 0.7316640625 0.3625212464589236 0.04827864583333342 0.26505193578847974
2 0.4872552083333333 0.30809254013220017 0.04046354166666669 0.1444664778092538
0 0.51709375 0.2803682719546743 0.016875000000000046 0.025061378659112336
0 0.48910156250000003 0.2935316336166194 0.02528645833333331 0.026100094428706207
4 0.19260156250000002 0.29440982058545795 0.024335937500000012 0.21389046270066078
4 0.22946354166666666 0.27920679886685557 0.014177083333333347 0.1674787535410766
4 0.16844010416666666 0.286515580736544 0.024570312499999976 0.23698772426817732
2 0.20489583333333333 0.2724173748819641 0.04559374999999998 0.1423512747875354
2 0.23198437500000002 0.25592067988668554 0.07202864583333331 0.13563739376770526