2 0.8589557291666666 0.5422285174693107 0.26086979166666663 0.6042020774315391
3 0.7864013463541667 0.47488066005665724 0.7856866411458333 0.5011575203021719 0.9825329583333333 0.553379030217186 0.9845906065104166 0.5173212795089708 0.7864013463541667 0.47488066005665724
0 0.7885450640625 0.4266864891406988 0.7884301283854166 0.47007335033050046 0.9842476479166666 0.5135911879131255 0.9845906065104166 0.4663432587346553 0.7885450640625 0.4266864891406988
2 0.5358151041666667 0.42193578847969776 0.1316536458333334 0.3325212464589234
2 0.47205989583333335 0.3266194523135034 0.10446614583333336 0.22894239848914053
2 0.34447656249999997 0.2905571293673277 0.105859375 0.17920679886685573
2 0.41915885416666665 0.3073465533522191 0.05869010416666664 0.15308781869688376
2 0.6084427083333334 0.3385835694050991 0.09597656250000004 0.2497639282341832
3 0.6136302083333334 0.31969782813975445 0.05318749999999994 0.05341831916902754
2 0.726859375 0.38598677998111425 0.11548177083333329 0.38048158640226615
2 0.6650572916666667 0.3369027384324835 0.06098177083333335 0.17095372993389987
4 0.16269270833333332 0.3243909348441926 0.04150520833333336 0.33319169027384316
4 0.09312239583333333 0.3204154863078375 0.03408854166666666 0.34359773371104807
4 0.205625 0.3416808309726156 0.0420911458333333 0.40145420207743143
4 0.30200520833333333 0.36755429650613786 0.029664062499999963 0.36440982058545784
4 0.25649739583333336 0.3655712936732768 0.028151041666666644 0.33899905571293676
4 0.286765625 0.3947969782813975 0.02029427083333329 0.3515391879131258
2 0.030385416666666668 0.7012464589235127 0.057166666666666664 0.5974976392823418
2 0.028583333333333336 0.2563833805476865 0.05528125 0.24282341831916912