2 0.11870572916666666 0.5817847025495749 0.23689322916666666 0.625325779036827
2 0.9024739583333333 0.6085930122757318 0.19505208333333332 0.7828139754485364
2 0.7080963541666667 0.35954674220963173 0.08598177083333335 0.25387157695939555
2 0.5694791666666668 0.3088762983947119 0.05354427083333325 0.18401322001888565
2 0.6321484374999999 0.30888574126534457 0.05040885416666659 0.13366383380547703
2 0.523390625 0.28527856468366375 0.03601822916666665 0.15569405099150152
2 0.48728125 0.28622285174693096 0.04019010416666665 0.1638810198300285
4 0.456296875 0.2953446647780925 0.014677083333333367 0.17583569405099153
2 0.6093203125 0.2818224740321058 0.023851562500000038 0.09212464589235123
5 0.7144322916666667 0.3381680830972615 0.05766666666666656 0.02489140698772439
0 0.6895960119791666 0.340216701605288 0.6895481807291667 0.35462733711048156 0.74228264140625 0.3639865646836638 0.7438806591145833 0.34838784135977335 0.6895960119791666 0.340216701605288
4 0.7793932291666666 0.33441926345609074 0.014609375000000095 0.17344664778092525
4 0.7558125 0.2705288007554297 0.011440104166666742 0.12845136921624192
4 0.7667265625 0.28072710103871573 0.010992187500000009 0.11451369216241736
4 0.7864635416666667 0.2668932955618509 0.012046875000000058 0.11310670443814938
4 0.661078125 0.275070821529745 0.010731770833333343 0.10321057601510876
4 0.6713515624999999 0.2751746931067045 0.01067447916666661 0.10947119924457019
4 0.6794791666666666 0.2768932955618508 0.01134114583333338 0.10280453257790358
0 0.9655104166666667 0.564844192634561 0.06897656249999998 0.2681964117091596