0 0.62941303671875 0.41303718413597734 0.628401615625 0.4456625741265344 0.7209027955729167 0.4644290528800756 0.7200679473958334 0.43355516241737485 0.62941303671875 0.41303718413597734
5 0.6310830104166667 0.3910862568460812 0.6292364638020833 0.4087349537299339 0.7195670333333334 0.43294977714825306 0.7205688614583334 0.414183298394712 0.6310830104166667 0.3910862568460812
0 0.5883177083333333 0.32316336166194526 0.0514062499999999 0.026128423040604414
0 0.5150755208333334 0.2875165250236072 0.028916666666666656 0.013881019830028157
0 0.5141770833333333 0.20336166194523125 0.026705729166666713 0.009065155807365353
0 0.4530546875 0.3254296506137867 0.03847395833333327 0.02158640226628907
2 0.29001302083333336 0.4056373937677053 0.1115598958333333 0.33936732766761085
2 0.5784192708333333 0.31368271954674226 0.07473437499999988 0.29694995278564706
2 0.45292187500000003 0.3207648725212465 0.07446354166666667 0.19791312559017954
2 0.38225 0.37637393767705374 0.11713541666666671 0.4076015108593013
0 0.3759895833333333 0.3818035882908403 0.08619270833333334 0.02955618508026457
2 0.7968697916666667 0.36690273843248344 0.1577968749999999 0.4823418319169029