3 0.4025390625 0.4505099150141642 0.10572135416666674 0.028479697828139618
0 0.4022161458333333 0.4033427762039661 0.1003567708333333 0.04502360717658153
2 0.40775 0.3843059490084986 0.11444531249999995 0.42919735599622283
2 0.5802838541666666 0.38362606232294616 0.08142708333333341 0.2415014164305949
5 0.5807265625 0.366515580736544 0.07345052083333338 0.03951841359773362
2 0.5343541666666667 0.30845136921624183 0.04608854166666655 0.1604627006610008
2 0.6867578125 0.3401227573182248 0.06108593749999992 0.15970727101038726
0 0.6901484375 0.32276676109537294 0.04744791666666662 0.04089707271010382
4 0.857703125 0.3497639282341833 0.03097395833333323 0.2255901794145421
4 0.7274947916666666 0.273484419263456 0.012960937500000113 0.10819641170915952
4 0.28243229166666667 0.35231350330500466 0.02361979166666662 0.2236543909348441
4 0.31054947916666664 0.31945231350330494 0.010041666666666652 0.11222851746931059
4 0.21752083333333333 0.3637393767705383 0.01694270833333332 0.20080264400377723
4 0.3283411458333333 0.340717658168083 0.015565104166666661 0.16529745042492935
4 0.19144010416666665 0.3595278564683664 0.017140624999999982 0.13611898016997176
2 0.14359114583333332 0.3651463644948065 0.09500260416666666 0.17549575070821521
4 0.11048177083333334 0.38100094428706327 0.015210937499999992 0.1868083097261567
2 0.46990625 0.35270066100094427 0.04756510416666669 0.20685552407932006
2 0.6185390625 0.3008593012275731 0.036489583333333304 0.09965061378659132
2 0.4874088541666667 0.3024457034938621 0.015664062500000023 0.07117091595845126
2 0.4989947916666667 0.2980453257790369 0.0126588541666667 0.05184135977337119