4 0.04923958333333334 0.46950897072710107 0.06009895833333334 0.7943626062322946
4 0.290875 0.3197639282341833 0.03099999999999999 0.27584513692162405
4 0.08666145833333333 0.5063267233238905 0.04109114583333332 0.7015769593956561
4 0.19951041666666666 0.5167138810198301 0.07037239583333334 0.6216619452313504
2 0.7332968750000001 0.458961284230406 0.14191406249999997 0.38889518413597746
3 0.6824883447916666 0.3890452219074599 0.6823118947916667 0.41881950897072706 0.7913556054687501 0.42293772332389046 0.7924914723958333 0.4005814891406988 0.6824883447916666 0.3890452219074599
0 0.6828940807291667 0.4199409178470255 0.6824741596354167 0.4411756987724268 0.7911933281250001 0.4500005297450425 0.7910310755208333 0.4241143720491029 0.6828940807291667 0.4199409178470255
6 0.5547447916666666 0.20153918791312564 0.12575781249999995 0.3222568460812087
6 0.7930989583333333 0.18885741265344666 0.09921875 0.3777148253068933
6 0.67734375 0.14589235127478753 0.14739583333333334 0.29178470254957506
4 0.3583307291666667 0.29457034938621346 0.01749739583333335 0.20572237960339956
4 0.39894270833333334 0.2580830972615675 0.021156249999999942 0.14482530689329545
4 0.4710104166666667 0.25912181303116155 0.006820312500000014 0.10548630783758266
4 0.43070572916666666 0.2442020774315391 0.01282291666666661 0.09117091595845155
1 0.9375 0.5 0.125 1